[5.02, 3.44, 1.0, 0.1] setosa
[4.66, 2.96, 1.0, 0.1] setosa
[4.66, 3.2, 1.0, 0.1] setosa
[4.3, 2.96, 1.0, 0.1] setosa
[4.66, 3.44, 1.0, 0.1] setosa
[5.38, 3.68, 1.59, 0.34] setosa
[4.3, 3.2, 1.0, 0.1] setosa
[4.66, 3.2, 1.0, 0.1] setosa
[4.3, 2.72, 1.0, 0.1] setosa
[4.66, 2.96, 1.0, 0.1] setosa
[5.38, 3.68, 1.0, 0.1] setosa
[4.66, 3.2, 1.59, 0.1] setosa
[4.66, 2.96, 1.0, 0.1] setosa
[4.3, 2.96, 1.0, 0.1] setosa
[5.74, 3.92, 1.0, 0.1] setosa
[5.38, 4.4, 1.0, 0.34] setosa
[5.38, 3.68, 1.0, 0.34] setosa
[5.02, 3.44, 1.0, 0.1] setosa
[5.38, 3.68, 1.59, 0.1] setosa
[5.02, 3.68, 1.0, 0.1] setosa
[5.38, 3.2, 1.59, 0.1] setosa
[5.02, 3.68, 1.0, 0.34] setosa
[4.3, 3.44, 1.0, 0.1] setosa
[5.02, 3.2, 1.59, 0.34] setosa
[4.66, 3.2, 1.59, 0.1] setosa
[4.66, 2.96, 1.59, 0.1] setosa
[4.66, 3.2, 1.59, 0.34] setosa
[5.02, 3.44, 1.0, 0.1] setosa
[5.02, 3.2, 1.0, 0.1] setosa
[4.66, 3.2, 1.59, 0.1] setosa
[4.66, 2.96, 1.59, 0.1] setosa
[5.38, 3.2, 1.0, 0.34] setosa
[5.02, 3.92, 1.0, 0.1] setosa
[5.38, 4.16, 1.0, 0.1] setosa
[4.66, 2.96, 1.0, 0.1] setosa
[4.66, 3.2, 1.0, 0.1] setosa
[5.38, 3.44, 1.0, 0.1] setosa
[4.66, 3.44, 1.0, 0.1] setosa
[4.3, 2.96, 1.0, 0.1] setosa
[5.02, 3.2, 1.0, 0.1] setosa
[4.66, 3.44, 1.0, 0.1] setosa
[4.3, 2.24, 1.0, 0.1] setosa
[4.3, 3.2, 1.0, 0.1] setosa
[4.66, 3.44, 1.59, 0.58] setosa
[5.02, 3.68, 1.59, 0.34] setosa
[4.66, 2.96, 1.0, 0.1] setosa
[5.02, 3.68, 1.59, 0.1] setosa
[4.3, 3.2, 1.0, 0.1] setosa
[5.02, 3.68, 1.0, 0.1] setosa
[4.66, 3.2, 1.0, 0.1] setosa
[6.82, 3.2, 4.54, 1.3] versicolor
[6.1, 3.2, 3.95, 1.3] versicolor
[6.82, 2.96, 4.54, 1.3] versicolor
[5.38, 2.24, 3.95, 1.3] versicolor
[6.46, 2.72, 4.54, 1.3] versicolor
[5.38, 2.72, 3.95, 1.3] versicolor
[6.1, 3.2, 4.54, 1.54] versicolor
[4.66, 2.24, 2.77, 0.82] versicolor
[6.46, 2.72, 4.54, 1.3] versicolor
[5.02, 2.48, 3.36, 1.3] versicolor
[4.66, 2.0, 3.36, 0.82] versicolor
[5.74, 2.96, 3.95, 1.3] versicolor
[5.74, 2.0, 3.95, 0.82] versicolor
[5.74, 2.72, 4.54, 1.3] versicolor
[5.38, 2.72, 3.36, 1.3] versicolor
[6.46, 2.96, 3.95, 1.3] versicolor
[5.38, 2.96, 3.95, 1.3] versicolor
[5.74, 2.48, 3.95, 0.82] versicolor
[6.1, 2.0, 3.95, 1.3] versicolor
[5.38, 2.48, 3.36, 1.06] versicolor
[5.74, 3.2, 4.54, 1.78] versicolor
[5.74, 2.72, 3.95, 1.3] versicolor
[6.1, 2.48, 4.54, 1.3] versicolor
[5.74, 2.72, 4.54, 1.06] versicolor
[6.1, 2.72, 3.95, 1.3] versicolor
[6.46, 2.96, 3.95, 1.3] versicolor
[6.46, 2.72, 4.54, 1.3] versicolor
[6.46, 2.96, 4.54, 1.54] versicolor
[5.74, 2.72, 3.95, 1.3] versicolor
[5.38, 2.48, 3.36, 0.82] versicolor
[5.38, 2.24, 3.36, 1.06] versicolor
[5.38, 2.24, 3.36, 0.82] versicolor
[5.74, 2.48, 3.36, 1.06] versicolor
[5.74, 2.48, 4.54, 1.54] versicolor
[5.38, 2.96, 3.95, 1.3] versicolor
[5.74, 3.2, 3.95, 1.54] versicolor
[6.46, 2.96, 4.54, 1.3] versicolor
[6.1, 2.24, 3.95, 1.3] versicolor
[5.38, 2.96, 3.95, 1.3] versicolor
[5.38, 2.48, 3.95, 1.3] versicolor
[5.38, 2.48, 3.95, 1.06] versicolor
[5.74, 2.96, 4.54, 1.3] versicolor
[5.74, 2.48, 3.95, 1.06] versicolor
[4.66, 2.24, 2.77, 0.82] versicolor
[5.38, 2.48, 3.95, 1.3] versicolor
[5.38, 2.96, 3.95, 1.06] versicolor
[5.38, 2.72, 3.95, 1.3] versicolor
[6.1, 2.72, 3.95, 1.3] versicolor
[5.02, 2.48, 2.77, 1.06] versicolor
[5.38, 2.72, 3.95, 1.3] versicolor
[6.1, 3.2, 5.72, 2.5] virginica
[5.74, 2.48, 4.54, 1.78] virginica
[6.82, 2.96, 5.72, 2.02] virginica
[6.1, 2.72, 5.13, 1.78] virginica
[6.46, 2.96, 5.72, 2.02] virginica
[7.54, 2.96, 6.31, 2.02] virginica
[4.66, 2.48, 3.95, 1.54] virginica
[7.18, 2.72, 5.72, 1.78] virginica
[6.46, 2.48, 5.72, 1.78] virginica
[7.18, 3.44, 5.72, 2.5] virginica
[6.46, 3.2, 4.54, 1.78] virginica
[6.1, 2.48, 5.13, 1.78] virginica
[6.46, 2.96, 5.13, 2.02] virginica
[5.38, 2.48, 4.54, 1.78] virginica
[5.74, 2.72, 4.54, 2.26] virginica
[6.1, 3.2, 5.13, 2.26] virginica
[6.46, 2.96, 5.13, 1.78] virginica
[7.54, 3.68, 6.31, 2.02] virginica
[7.54, 2.48, 6.9, 2.26] virginica
[5.74, 2.0, 4.54, 1.3] virginica
[6.82, 3.2, 5.13, 2.26] virginica
[5.38, 2.72, 4.54, 1.78] virginica
[7.54, 2.72, 6.31, 1.78] virginica
[6.1, 2.48, 4.54, 1.78] virginica
[6.46, 3.2, 5.13, 2.02] virginica
[7.18, 3.2, 5.72, 1.78] virginica
[6.1, 2.72, 4.54, 1.78] virginica
[5.74, 2.96, 4.54, 1.78] virginica
[6.1, 2.72, 5.13, 2.02] virginica
[7.18, 2.96, 5.72, 1.54] virginica
[7.18, 2.72, 5.72, 1.78] virginica
[7.9, 3.68, 6.31, 1.78] virginica
[6.1, 2.72, 5.13, 2.02] virginica
[6.1, 2.72, 4.54, 1.3] virginica
[5.74, 2.48, 5.13, 1.3] virginica
[7.54, 2.96, 5.72, 2.26] virginica
[6.1, 3.2, 5.13, 2.26] virginica
[6.1, 2.96, 5.13, 1.78] virginica
[5.74, 2.96, 4.54, 1.78] virginica
[6.82, 2.96, 5.13, 2.02] virginica
[6.46, 2.96, 5.13, 2.26] virginica
[6.82, 2.96, 4.54, 2.26] virginica
[5.74, 2.48, 4.54, 1.78] virginica
[6.46, 3.2, 5.72, 2.26] virginica
[6.46, 3.2, 5.13, 2.5] virginica
[6.46, 2.96, 5.13, 2.26] virginica
[6.1, 2.48, 4.54, 1.78] virginica
[6.46, 2.96, 5.13, 1.78] virginica
[6.1, 3.2, 5.13, 2.26] virginica
[5.74, 2.96, 4.54, 1.78] virginica